Register A: 35510005490014
Register B: 0
Register C: 0

Program: 2,4,1,1,7,5,1,5,4,0,0,3,5,5,3,0
Program: 2,4, 1,1, 7,5, 1,5, 4,0, 0,3, 5,5, 3,0

2,4: b = a % 8
1,1: b = b ^ 1 (flip last bit)
7,5: c = a / 2**b
1,5: b = b ^ 5 (flip 3rd and first bit)
4,0: b = b ^ c
0,3: a = a / 2**3
5,5: output.append(b % 8)
3,0: go to start


16 cycles:
cycle 1:
- a = 0
- 8 divides B (B = xxxxxx000)
- a // 2**3 = 0 --> a = [1 ; 7] (can't be 0, else, would have stopped before)

cycle 16
a = [35 184 372 088 832 ; 281 474 976 710 655]


cycle 1:
001 000 000 000 000 000 000 000 000 000 000 000 000 000 000 000
111 111 111 111 111 111 111 111 111 111 111 111 111 111 111 111
                                                 [x xxx xxx xxx]

cycle 2:
001 000 000 000 000 000 000 000 000 000 000 000 000 000 000 000
111 111 111 111 111 111 111 111 111 111 111 111 111 111 111 111
                                             [x xxx xxx xxx 000]

cycle 3:
001 000 000 000 000 000 000 000 000 000 000 000 000 000 000 000
111 111 111 111 111 111 111 111 111 111 111 111 111 111 111 111
                                         [x xxx xxx xxx 000 000]

cycle 4:
001 000 000 000 000 000 000 000 000 000 000 000 000 000 000 000
111 111 111 111 111 111 111 111 111 111 111 111 111 111 111 111
                                     [x xxx xxx xxx 000 000 000]

cycle 5:
001 000 000 000 000 000 000 000 000 000 000 000 000 000 000 000
111 111 111 111 111 111 111 111 111 111 111 111 111 111 111 111
                                 [x xxx xxx xxx 000 000 000 000]

cycle 6:
001 000 000 000 000 000 000 000 000 000 000 000 000 000 000 000
111 111 111 111 111 111 111 111 111 111 111 111 111 111 111 111
                             [x xxx xxx xxx 000 000 000 000 000]

cycle 7:
001 000 000 000 000 000 000 000 000 000 000 000 000 000 000 000
111 111 111 111 111 111 111 111 111 111 111 111 111 111 111 111
                         [x xxx xxx xxx 000 000 000 000 000 000]

cycle 8:
001 000 000 000 000 000 000 000 000 000 000 000 000 000 000 000
111 111 111 111 111 111 111 111 111 111 111 111 111 111 111 111
                     [x xxx xxx xxx 000 000 000 000 000 000 000]

cycle 9:
001 000 000 000 000 000 000 000 000 000 000 000 000 000 000 000
111 111 111 111 111 111 111 111 111 111 111 111 111 111 111 111
                 [x xxx xxx xxx 000 000 000 000 000 000 000 000]

cycle 10:
001 000 000 000 000 000 000 000 000 000 000 000 000 000 000 000
111 111 111 111 111 111 111 111 111 111 111 111 111 111 111 111
             [x xxx xxx xxx 000 000 000 000 000 000 000 000 000]

cycle 11:
001 000 000 000 000 000 000 000 000 000 000 000 000 000 000 000
111 111 111 111 111 111 111 111 111 111 111 111 111 111 111 111
         [x xxx xxx xxx 000 000 000 000 000 000 000 000 000 000]

cycle 12:
001 000 000 000 000 000 000 000 000 000 000 000 000 000 000 000
111 111 111 111 111 111 111 111 111 111 111 111 111 111 111 111
     [x xxx xxx xxx 000 000 000 000 000 000 000 000 000 000 000]

cycle 13:
001 000 000 000 000 000 000 000 000 000 000 000 000 000 000 000
111 111 111 111 111 111 111 111 111 111 111 111 111 111 111 111
 [x xxx xxx xxx 000 000 000 000 000 000 000 000 000 000 000 000]

cycle 10:
001 000 000 000 000 000 000 000 000 000 000 000 000 000 000 000
111 111 111 111 111 111 111 111 111 111 111 111 111 111 111 111
             [x xxx xxx xxx 000 000 000 000 000 000 000 000 000]

cycle 10:
001 000 000 000 000 000 000 000 000 000 000 000 000 000 000 000
111 111 111 111 111 111 111 111 111 111 111 111 111 111 111 111
             [x xxx xxx xxx 000 000 000 000 000 000 000 000 000]

cycle 10:
001 000 000 000 000 000 000 000 000 000 000 000 000 000 000 000
111 111 111 111 111 111 111 111 111 111 111 111 111 111 111 111
             [x xxx xxx xxx 000 000 000 000 000 000 000 000 000]


164545589767869
164541160582845
164546529291965
164545589768125
164541160583101
164546529292221